[gd_scene load_steps=5 format=2]

[ext_resource path="res://Cake/cakeslice.obj" type="ArrayMesh" id=1]
[ext_resource path="res://Cake/SignalReceiver.gd" type="Script" id=2]

[sub_resource type="Animation" id=1]
resource_name = "CakeTopMove"
tracks/0/type = "value"
tracks/0/path = NodePath("cakeslice7:translation")
tracks/0/interp = 2
tracks/0/loop_wrap = true
tracks/0/imported = false
tracks/0/enabled = true
tracks/0/keys = {
"times": PoolRealArray( 0, 0.5 ),
"transitions": PoolRealArray( 1, 1.36604 ),
"update": 0,
"values": [ Vector3( -0.01, -0.012, -0.958 ), Vector3( -0.01, -0.012, -1.29064 ) ]
}

[sub_resource type="Animation" id=2]
length = 0.001
tracks/0/type = "value"
tracks/0/path = NodePath("cakeslice7:translation")
tracks/0/interp = 1
tracks/0/loop_wrap = true
tracks/0/imported = false
tracks/0/enabled = true
tracks/0/keys = {
"times": PoolRealArray( 0 ),
"transitions": PoolRealArray( 1 ),
"update": 0,
"values": [ Vector3( -0.01, -0.012, -0.958 ) ]
}

[node name="CakeScene" type="Spatial"]
script = ExtResource( 2 )

[node name="cakeslice" type="MeshInstance" parent="."]
transform = Transform( 1, 0, 0, 0, 1, 0, 0, 0, 1, -0.964527, 0, 0 )
mesh = ExtResource( 1 )

[node name="cakeslice2" type="MeshInstance" parent="."]
transform = Transform( 0.707107, 0, 0.707107, 0, 1, 0, -0.707107, 0, 0.707107, -0.68407, 0, 0.675103 )
mesh = ExtResource( 1 )

[node name="cakeslice3" type="MeshInstance" parent="."]
transform = Transform( -4.37114e-08, 0, 1, 0, 1, 0, -1, 0, -4.37114e-08, -0.00617409, 0, 0.954633 )
mesh = ExtResource( 1 )

[node name="cakeslice4" type="MeshInstance" parent="."]
transform = Transform( -0.707107, 0, 0.707107, 0, 1, 0, -0.707107, 0, -0.707107, 0.67383, 0, 0.675103 )
mesh = ExtResource( 1 )

[node name="cakeslice5" type="MeshInstance" parent="."]
transform = Transform( -1, 0, -8.74228e-08, 0, 1, 0, 8.74228e-08, 0, -1, 0.948693, 0.00121111, -0.00428429 )
mesh = ExtResource( 1 )

[node name="cakeslice6" type="MeshInstance" parent="."]
transform = Transform( -0.707107, 0, -0.707107, 0, 1, 0, 0.707107, 0, -0.707107, 0.664326, -0.01188, -0.681594 )
mesh = ExtResource( 1 )

[node name="cakeslice7" type="MeshInstance" parent="."]
transform = Transform( 1.19249e-08, 0, -1, 0, 1, 0, 1, 0, 1.19249e-08, -0.01, -0.012, -0.958 )
mesh = ExtResource( 1 )

[node name="cakeslice8" type="MeshInstance" parent="."]
transform = Transform( 0.707107, 0, -0.707107, 0, 1, 0, 0.707107, 0, 0.707107, -0.688767, 0, -0.680369 )
mesh = ExtResource( 1 )

[node name="Camera" type="Camera" parent="."]
transform = Transform( 1, 0, 0, 0, -4.37114e-08, 1, 0, -1, -4.37114e-08, 0, 3.265, 0 )
fov = 65.3

[node name="AnimationPlayer" type="AnimationPlayer" parent="."]
anims/CakeTopMove = SubResource( 1 )
anims/RESET = SubResource( 2 )
